20  52
7913  8292  8970  9380  9474  8591  7841  7532  7526  7263  6996  7128  6919  6818  6962  6931  6807  6462  6613  6793  6530  6436  6778  6488  6710  6038  6374  6432  6261  6518  6569  6278  6769  6280  6354  6410  6460  6784  7356  7061  6773  6659  6937  6889  6825  6873  7182  7173  7006  7296  7402  8000
7662  7359  7232  7548  7319  7469  7078  6972  7303  7152  6951  6882  6885  7039  6663  7060  6912  6895  6680  6903  6616  6605  6541  6815  6548  6847  6776  6785  6749  6399  6422  6341  6823  6479  6204  6259  6707  6953  6841  7137  6757  6811  6827  6990  6955  7226  7109  7162  7045  7361  7835  7936
6889  7053  7286  7027  6771  6844  6694  6983  6879  7062  7115  7373  7112  7403  7360  7169  6948  7131  6881  6591  6787  6444  6372  6531  7088  6428  6353  6906  6469  6282  6900  6158  6483  6197  6351  6135  6198  6427  6805  7091  7149  7247  7137  6778  6951  7150  6907  6802  7146  7466  7839  8103
8117  7699  7442  7425  7405  7613  7658  7972  8276  8799  8565  7906  7762  7244  7022  7013  7083  6806  6697  6383  6577  6684  6841  6575  6268  6335  6536  6315  6513  6755  6276  6364  6194  6287  6187  6273  6385  6658  6672  6690  6760  7019  7085  7085  6795  6833  7016  6869  6855  6983  7074  7358
7568  7741  7648  7555  7802  7972  7272  7246  7260  6946  7073  7093  6781  6874  6793  7075  6949  6732  6778  6513  6789  6784  6935  6784  6623  6761  6535  6713  6426  6971  6244  6524  6654  6580  6245  6357  6412  6657  6643  6931  6928  7170  7048  6954  6694  6806  7080  7242  7064  7009  7276  7691
7477  7225  7374  7473  7461  7688  7937  7798  8057  8194  8199  7851  7826  7339  7182  7108  6980  6911  6928  6996  7265  6787  6365  6922  6988  6454  6512  6683  6247  7092  6245  6270  6485  6482  6606  6594  6294  6524  6814  6852  6806  7180  6989  7070  6565  6950  7128  7208  7219  7350  7384  7825
7504  7298  7425  7964  7639  7403  7327  7122  7079  7186  7246  7418  7519  7376  7337  7546  7011  6893  7084  6963  6772  6846  6975  7564  7278  6991  7028  7424  7021  7287  6404  6342  6758  6395  6585  6588  6844  6603  6859  6531  6868  7244  7400  7181  7266  7159  6999  6900  7126  7150  7215  7546
7549  7381  7242  7354  7332  7636  7501  7923  8323  8069  8038  7520  7476  7522  7590  7253  7363  6858  7063  6991  7105  6565  6364  6769  6475  6448  6609  6683  8015  6650  6325  6958  6631  6712  6370  6462  6751  7143  7158  7099  7001  7367  7286  7226  7431  7400  7388  7609  7492  7441  7771  8115
8160  7773  7851  7657  7437  7588  7576  7678  7862  7679  7613  7718  8119  7807  7927  7427  7206  7314  7202  7326  6939  7058  7138  6820  6656  6784  6837  6719  6438  6658  6932  6511  6645  6714  6404  6803  6454  7081  7140  7313  7271  7198  7206  7164  6963  7147  7189  7205  7443  7338  7586  7985
8421  8843  8794  9472  9169  9141  8509  8191  7869  7767  7672  7221  7495  7408  7229  7182  7115  7215  6981  6896  7013  7005  6788  6930  6807  6886  7295  6603  7123  6686  6456  6568  6592  6855  6674  6504  6620  6655  6826  6928  7260  7290  7433  7292  7435  7494  7257  7356  7208  7169  7700  8357
7662  7176  7320  7859  7372  7345  7410  7250  7023  7345  7398  7417  7196  7205  7149  7027  7243  7094  6826  7086  7108  7064  8001  6660  6759  7146  6917  8290  7145  6323  6710  6996  6728  6602  6752  6904  7298  7577  7524  7396  7566  7560  7492  7322  7157  7010  7197  7643  7573  7747  8010  8094
8015  7697  7683  7690  8073  7934  7821  7935  8014  8033  7921  7691  7311  7306  7267  7203  7338  6977  7360  6982  6855  6995  6786  6643  6347  6502  6787  6808  6569  6381  6767  6573  6735  6954  6415  6658  6545  6756  7029  7049  7301  7355  7325  7183  7116  7180  7301  7360  7489  7480  7515  7949
7557  7442  7655  7368  7728  8133  8258  7699  7515  7501  7525  7630  7637  7513  7871  7762  7614  7584  6934  7024  7180  6681  7055  6953  7129  7018  7664  6751  6467  7547  7053  6557  6532  7063  6547  6334  6774  6772  7327  7211  7327  7556  7205  7459  7225  7036  7290  7518  7543  7930  8247  9049
9309  9030  9041  8938  8803  8401  8159  7839  7788  7983  7946  8216  8239  8590  7928  7677  7496  7121  7284  6967  6639  6894  6769  7031  7494  6378  6718  6580  6633  6805  7115  7171  6346  6468  6443  6565  6682  7015  7173  7574  7356  7235  7091  6834  6982  6941  7252  7145  7454  7398  7428  7704
7533  7317  7261  7463  7713  7837  7584  7524  7627  7557  7778  7758  7610  7417  7329  7318  7344  7005  6915  6876  7507  6657  6694  6707  6389  6655  6936  7027  6916  6826  7081  6546  6379  6595  6911  6949  6823  6901  6906  7072  7395  7268  7198  7517  7503  7178  7414  7560  7735  7640  7859  7709
7984  7754  7800  7559  7963  8166  8873  8985  9068  8839  8850  8640  8535  8449  8154  7974  7797  7483  7324  7266  7102  7015  7387  7076  6737  6781  7360  7029  6858  7016  6554  7753  7574  6698  6924  6922  6664  7130  6831  7163  7206  7868  7571  7348  7423  7505  7442  7409  7588  7563  7472  7604
8215  7920  7683  7977  7970  8145  7928  7861  8002  7859  7824  8014  8025  7614  7510  7107  7157  7399  7229  6925  7254  6937  6611  6790  7563  6864  6599  6873  6661  7267  6658  6715  6804  7039  6996  6981  6744  6765  7351  7368  7456  7658  7499  7646  7492  7554  7706  7753  7977  7837  8297  8874
9279  10225  9875  9946  10076  9432  9221  9053  8388  7967  7709  7637  7684  7366  7441  7475  7466  7385  7060  7148  7074  7100  6892  6830  7255  7023  6703  6814  7190  6997  7559  6902  6858  6596  6973  6978  7192  7257  7516  8025  7798  7616  7545  7594  7352  7504  7784  7573  7802  7948  8011  8439
8372  8078  8639  8793  8987  9088  9128  9333  9864  10094  9472  9061  8689  8571  8216  7748  7584  7373  7311  7061  7309  7695  7177  7035  7068  7002  7353  7160  7178  7674  8007  7305  6850  6877  6934  7189  7142  7474  7398  7848  7567  7539  7754  7765  7614  7590  7709  7927  8094  7917  8162  8537
8668  8586  8700  8798  9362  9269  9241  8717  8620  8388  8183  8025  7795  7783  7699  7730  8082  7485  7502  7435  7586  7445  7966  8240  7183  7352  7074  7113  7439  7660  7268  7186  6955  7040  7845  6957  6970  7391  7985  7689  7819  7803  7628  7637  7602  7551  7527  7677  7919  7942  8158  7949
